4294967278,416
4294967278,415
4294967279,354
4294967279,353
4294967279,352
4294967279,351
4294967278,414
4294967278,413
4294967279,350
4294967278,412
4294967279,349
4294967278,411
4294967279,348
4294967278,410
4294967278,409
4294967278,408
91,5
91,4
91,3
91,2
91,1
91,0
4294967294,184
90,4
90,3
90,2
90,1
90,0
89,4
89,3
89,2
89,1
89,0
88,4
88,3
88,2
88,1
88,0
87,4
87,3
87,2
87,1
87,0
86,4
86,3
86,2
86,1
86,0
4294967294,1068
85,4
85,3
85,2
85,1
85,0
4294967279,347
4294967294,482
84,5
84,4
84,3
84,2
84,1
84,0
4294967294,481
83,4
83,3
83,2
83,1
83,0
4294967279,346
4294967279,345
4294967279,344
4294967279,343
4294967279,342
4294967278,407
4294967278,406
23,12
4294967279,341
4294967279,340
4294967279,339
4294967278,405
4294967278,404
4294967279,338
4294967278,403
4294967278,402
4294967278,401
4294967279,337
4294967278,400
4294967278,399
4294967279,336
4294967278,398
4294967279,335
4294967278,397
4294967279,334
4294967278,396
4294967278,395
4294967278,394
4294967279,333
4294967279,332
4294967279,331
4294967278,393
4294967278,392
4294967279,330
4294967279,329
4294967279,328
82,4
82,3
82,2
82,1
82,0
81,4
81,3
81,2
81,1
81,0
80,4
80,3
80,2
80,1
80,0
79,4
79,3
79,2
79,1
79,0
78,4
78,3
78,2
78,1
78,0
77,4
77,3
77,2
77,1
77,0
76,4
76,3
76,2
76,1
76,0
75,4
75,3
75,2
75,1
75,0
74,4
74,3
74,2
74,1
74,0
73,4
73,3
73,2
73,1
73,0
72,4
72,3
72,2
72,1
72,0
4294967294,966
71,4
71,3
71,2
71,1
71,0
70,4
70,3
70,2
70,1
70,0
4294967294,1072
69,4
69,3
69,2
69,1
69,0
68,4
68,3
68,2
68,1
68,0
67,4
67,3
67,2
67,1
67,0
4294967294,480
4294967294,1408
66,4
66,3
66,2
66,1
66,0
4294967294,1087
65,4
65,3
65,2
65,1
65,0
64,5
64,4
64,3
64,2
64,1
64,0
4294967294,1086
4294967294,1085
63,5
63,4
63,3
63,2
63,1
63,0
62,4
62,3
62,2
62,1
62,0
61,4
61,3
61,2
61,1
61,0
60,4
60,3
60,2
60,1
60,0
59,4
59,3
59,2
59,1
59,0
58,4
58,3
58,2
58,1
58,0
4294967294,479
57,5
57,4
57,3
57,2
57,1
57,0
4294967294,478
56,5
56,4
56,3
56,2
56,1
56,0
4294967294,1084
55,5
55,4
55,3
55,2
55,1
55,0
54,4
54,3
54,2
54,1
54,0
53,4
53,3
53,2
53,1
53,0
52,4
52,3
52,2
52,1
52,0
51,4
51,3
51,2
51,1
51,0
50,4
50,3
50,2
50,1
50,0
4294967294,477
49,5
49,4
49,3
49,2
49,1
49,0
4294967294,476
4294967279,327
4294967278,391
4294967279,326
4294967279,325
23,11
17,8
48,5
48,4
48,3
48,2
48,1
48,0
47,5
47,4
47,3
47,2
47,1
47,0
46,4
46,3
46,2
46,1
46,0
45,4
45,3
45,2
45,1
45,0
44,4
44,3
44,2
44,1
44,0
43,4
43,3
43,2
43,1
43,0
42,4
42,3
42,2
42,1
42,0
4294967294,475
41,5
41,4
41,3
41,2
41,1
41,0
4294967294,474
40,5
40,4
40,3
40,2
40,1
40,0
4294967294,1083
23,10
17,7
17,6
39,5
39,4
39,3
39,2
39,1
39,0
4294967294,1082
38,4
38,3
38,2
38,1
38,0
4294967294,1081
4294967294,313
4294967279,324
4294967278,390
37,4
4294967279,323
37,3
37,2
37,1
37,0
4294967294,1080
4294967294,1079
4294967294,1078
4294967279,322
36,4
36,3
36,2
36,1
36,0
4294967278,389
4294967294,81
4294967278,388
4294967279,321
4294967278,387
35,4
4294967279,320
35,3
35,2
35,1
35,0
4294967278,386
4294967279,575
4294967278,385
4294967278,384
4294967279,574
4294967278,383
34,4
34,3
34,2
34,1
34,0
4294967294,1077
4294967294,1070
4294967294,473
33,5
33,4
33,3
33,2
33,1
33,0
4294967294,1076
4294967294,429
4294967294,472
32,5
32,4
32,3
32,2
32,1
32,0
23,9
23,8
31,5
31,4
31,3
31,2
31,1
31,0
30,5
30,4
30,3
30,2
30,1
30,0
29,6
29,5
29,4
29,3
29,2
